1
41
1000
449
328
474
150
709
467
329
936
440
700
117
258
811
952
491
993
931
823
431
359
590
899
153
292
370
404
698
699
876
442
705
757
527
868
893
642
273
18
885
675
788
291
303
656
660
126
704
225
862
522
617
630
725
17
847
715
732
502
778
304
32
168
841
288
76
31
934
245
626
419
782
875
723
346
335
992
70
369
545
610
611
60
935
738
829
962
369
918
282
928
407
602
312
532
517
102
80
907
525
829
84
635
629
682
921
964
304
642
364
16
717
898
53
264
824
751
558
92
496
963
277
152
618
333
743
632
559
27
40
323
149
925
703
953
427
76
161
990
326
442
275
726
373
931
901
177
749
197
570
416
922
479
17
397
139
900
559
744
654
393
353
597
517
527
477
568
37
599
326
281
806
365
9
592
998
321
176
649
460
273
730
53
998
392
911
894
785
109
467
725
879
624
461
790
419
296
611
791
505
295
609
917
434
580
244
503
525
776
273
218
998
839
577
975
670
192
465
90
329
493
586
285
494
441
175
445
612
560
777
784
266
570
778
982
130
452
599
520
280
32
155
172
628
951
185
796
866
137
500
186
632
248
35
308
624
336
882
857
405
840
122
821
415
860
967
312
633
11
694
554
448
865
365
70
702
598
508
983
843
844
674
388
780
240
407
998
575
158
275
61
395
589
734
823
902
165
152
696
172
957
298
366
664
404
545
431
533
434
503
115
42
697
750
123
411
263
971
671
517
527
420
847
937
193
172
294
396
258
89
464
266
443
709
96
690
285
651
781
251
309
331
154
33
912
798
831
925
309
729
293
539
623
955
481
140
173
202
122
159
530
430
162
456
32
638
266
413
236
4
128
481
741
629
173
305
470
995
166
4
769
896
941
384
192
622
451
410
305
799
305
849
348
139
822
42
480
269
511
169
756
238
762
666
175
972
99
472
184
620
798
95
497
623
542
923
12
943
48
167
973
405
488
566
703
18
484
142
205
255
51
893
168
352
391
944
256
141
235
803
692
735
878
663
278
538
140
681
693
603
992
123
550
673
636
276
354
444
674
571
828
459
17
436
98
129
798
69
29
925
1
753
138
295
567
197
31
736
157
104
875
69
536
484
548
460
623
602
624
897
398
492
896
948
123
572
734
248
185
493
263
252
196
108
25
306
983
741
405
522
132
499
761
910
158
742
936
831
644
816
870
696
940
561
357
995
466
199
32
433
301
748
338
322
471
103
92
873
782
828
446
406
981
357
386
534
80
676
823
324
66
321
805
471
536
193
625
348
518
344
308
248
846
332
884
9
588
102
705
678
574
17
399
105
205
561
553
924
274
826
41
946
581
705
648
956
436
355
510
961
605
481
911
624
57
826
671
926
221
120
731
505
719
155
438
808
218
853
625
903
190
752
827
381
257
679
181
722
636
508
551
992
166
680
956
538
866
300
399
625
836
831
129
451
584
847
404
646
751
425
268
661
30
304
875
52
806
610
16
918
84
665
156
808
20
462
657
71
478
587
965
130
334
295
633
714
22
247
335
751
181
598
239
169
475
826
752
588
263
992
532
527
536
596
461
512
103
209
786
145
581
71
195
675
205
969
799
596
369
744
668
402
1000
80
65
768
483
946
281
824
572
503
200
641
701
361
1
149
462
222
152
517
612
893
584
698
787
223
750
180
971
538
303
411
77
236
571
635
969
847
891
64
524
684
529
660
768
247
511
972
261
929
863
522
222
483
290
843
592
295
111
448
125
62
542
734
872
86
409
524
589
943
1
560
28
522
322
86
941
625
387
437
44
677
587
331
608
28
200
757
925
868
132
690
942
831
409
595
748
40
532
763
17
194
170
31
844
604
213
733
904
356
225
742
940
941
295
694
386
4
335
971
527
487
566
506
947
319
67
896
126
165
927
47
406
592
147
405
372
699
606
783
356
63
549
20
722
112
784
989
248
646
913
808
462
354
995
130
212
824
611
9
605
182
671
649
657
613
883
343
395
439
995
255
211
449
287
618
277
242
148
113
305
209
82
4
171
59
297
842
26
131
330
249
892
673
614
883
888
558
461
924
281
640
644
218
397
917
828
350
875
239
990
597
948
974
924
772
478
380
653
288
692
584
710
933
18
404
430
228
496
952
956
487
514
244
913
841
58
686
958
238
102
199
531
808
312
36
182
259
54
953
69
690
460
750
372
786
926
535
97
678
93
873
50
788
954
114
927
661
87
999
929
775
722
342
28
159
754
193
66
884
953
70
322
845
127
281
136
805
667
614
622
596
306
689
682
50
106
237
41